{
  "cells": [
    {
      "cell_type": "markdown",
      "metadata": {
        "id": "v7Cycmf3Zbok"
      },
      "source": [
        "# Stock NeurIPS2018 Part 3. Backtest\n",
        "This series is a reproduction of paper *the process in the paper Practical Deep Reinforcement Learning Approach for Stock Trading*. \n",
        "\n",
        "This is the third and last part of the NeurIPS2018 series, introducing how to use use the agents we trained to do backtest, and compare with baselines such as Mean Variance Optimization and DJIA index.\n",
        "\n",
        "Other demos can be found at the repo of [FinRL-Tutorials]((https://github.com/AI4Finance-Foundation/FinRL-Tutorials))."
      ]
    },
    {
      "cell_type": "markdown",
      "metadata": {
        "id": "1oWbj4HgqHBg"
      },
      "source": [
        "# Part 1. Install Packages"
      ]
    },
    {
      "cell_type": "code",
      "execution_count": 4,
      "metadata": {
        "id": "mqfBOKz-qJYF"
      },
      "outputs": [],
      "source": [
        "import sys\n",
        "import pandas as pd\n",
        "import numpy as np\n",
        "import matplotlib.pyplot as plt\n",
        "\n",
        "import sys\n",
        "sys.path.append(r\"D:\\FinRL-master\\FinRL-master\")\n",
        "\n",
        "from finrl.meta.preprocessor.yahoodownloader import YahooDownloader\n",
        "from finrl.meta.env_stock_trading.env_stocktrading import StockTradingEnv\n",
        "from finrl.agents.stablebaselines3.models import DRLAgent\n",
        "from stable_baselines3 import A2C, DDPG, PPO, SAC, TD3\n",
        "\n",
        "%matplotlib inline\n",
        "from finrl.config import INDICATORS, TRAINED_MODEL_DIR"
      ]
    },
    {
      "cell_type": "markdown",
      "metadata": {
        "id": "mUF2P4hmqVjh"
      },
      "source": [
        "# Part 2. Backtesting"
      ]
    },
    {
      "cell_type": "markdown",
      "metadata": {
        "id": "BdU6qLsVWDxI"
      },
      "source": [
        "To backtest the agents, upload trade_data.csv in the same directory of this notebook. For Colab users, just upload trade_data.csv to the default directory."
      ]
    },
    {
      "cell_type": "code",
      "execution_count": 5,
      "metadata": {
        "id": "mSjBHn_MZr4U"
      },
      "outputs": [],
      "source": [
        "train = pd.read_csv('train_data.csv')\n",
        "trade = pd.read_csv('trade_data.csv')\n",
        "\n",
        "# If you are not using the data generated from part 1 of this tutorial, make sure \n",
        "# it has the columns and index in the form that could be make into the environment. \n",
        "# Then you can comment and skip the following lines.\n",
        "train = train.set_index(train.columns[0])\n",
        "train.index.names = ['']\n",
        "trade = trade.set_index(trade.columns[0])\n",
        "trade.index.names = ['']"
      ]
    },
    {
      "cell_type": "code",
      "execution_count": 6,
      "metadata": {},
      "outputs": [
        {
          "data": {
            "text/html": [
              "<div>\n",
              "<style scoped>\n",
              "    .dataframe tbody tr th:only-of-type {\n",
              "        vertical-align: middle;\n",
              "    }\n",
              "\n",
              "    .dataframe tbody tr th {\n",
              "        vertical-align: top;\n",
              "    }\n",
              "\n",
              "    .dataframe thead th {\n",
              "        text-align: right;\n",
              "    }\n",
              "</style>\n",
              "<table border=\"1\" class=\"dataframe\">\n",
              "  <thead>\n",
              "    <tr style=\"text-align: right;\">\n",
              "      <th></th>\n",
              "      <th>date</th>\n",
              "      <th>tic</th>\n",
              "      <th>close</th>\n",
              "      <th>high</th>\n",
              "      <th>low</th>\n",
              "      <th>open</th>\n",
              "      <th>volume</th>\n",
              "      <th>day</th>\n",
              "      <th>macd</th>\n",
              "      <th>boll_ub</th>\n",
              "      <th>boll_lb</th>\n",
              "      <th>rsi_30</th>\n",
              "      <th>cci_30</th>\n",
              "      <th>dx_30</th>\n",
              "      <th>close_30_sma</th>\n",
              "      <th>close_60_sma</th>\n",
              "      <th>vix</th>\n",
              "      <th>turbulence</th>\n",
              "    </tr>\n",
              "    <tr>\n",
              "      <th></th>\n",
              "      <th></th>\n",
              "      <th></th>\n",
              "      <th></th>\n",
              "      <th></th>\n",
              "      <th></th>\n",
              "      <th></th>\n",
              "      <th></th>\n",
              "      <th></th>\n",
              "      <th></th>\n",
              "      <th></th>\n",
              "      <th></th>\n",
              "      <th></th>\n",
              "      <th></th>\n",
              "      <th></th>\n",
              "      <th></th>\n",
              "      <th></th>\n",
              "      <th></th>\n",
              "      <th></th>\n",
              "    </tr>\n",
              "  </thead>\n",
              "  <tbody>\n",
              "    <tr>\n",
              "      <th>0</th>\n",
              "      <td>2023-10-02</td>\n",
              "      <td>AAPL</td>\n",
              "      <td>172.064636</td>\n",
              "      <td>172.609304</td>\n",
              "      <td>169.271983</td>\n",
              "      <td>169.559178</td>\n",
              "      <td>52164500.0</td>\n",
              "      <td>0.0</td>\n",
              "      <td>-2.558756</td>\n",
              "      <td>183.367359</td>\n",
              "      <td>165.648056</td>\n",
              "      <td>45.243153</td>\n",
              "      <td>-87.977273</td>\n",
              "      <td>26.128938</td>\n",
              "      <td>176.366171</td>\n",
              "      <td>180.804583</td>\n",
              "      <td>17.610001</td>\n",
              "      <td>34.480455</td>\n",
              "    </tr>\n",
              "    <tr>\n",
              "      <th>0</th>\n",
              "      <td>2023-10-02</td>\n",
              "      <td>AMGN</td>\n",
              "      <td>252.198303</td>\n",
              "      <td>254.262779</td>\n",
              "      <td>250.370580</td>\n",
              "      <td>253.524112</td>\n",
              "      <td>1912300.0</td>\n",
              "      <td>0.0</td>\n",
              "      <td>3.867164</td>\n",
              "      <td>261.151693</td>\n",
              "      <td>237.536326</td>\n",
              "      <td>59.425455</td>\n",
              "      <td>72.228977</td>\n",
              "      <td>31.542915</td>\n",
              "      <td>247.539638</td>\n",
              "      <td>237.412814</td>\n",
              "      <td>17.610001</td>\n",
              "      <td>34.480455</td>\n",
              "    </tr>\n",
              "    <tr>\n",
              "      <th>0</th>\n",
              "      <td>2023-10-02</td>\n",
              "      <td>AXP</td>\n",
              "      <td>145.907867</td>\n",
              "      <td>146.317829</td>\n",
              "      <td>144.531574</td>\n",
              "      <td>144.873201</td>\n",
              "      <td>2657600.0</td>\n",
              "      <td>0.0</td>\n",
              "      <td>-3.052555</td>\n",
              "      <td>160.817412</td>\n",
              "      <td>143.761830</td>\n",
              "      <td>37.445545</td>\n",
              "      <td>-174.732820</td>\n",
              "      <td>36.526668</td>\n",
              "      <td>153.348367</td>\n",
              "      <td>158.819426</td>\n",
              "      <td>17.610001</td>\n",
              "      <td>34.480455</td>\n",
              "    </tr>\n",
              "    <tr>\n",
              "      <th>0</th>\n",
              "      <td>2023-10-02</td>\n",
              "      <td>BA</td>\n",
              "      <td>187.830002</td>\n",
              "      <td>192.440002</td>\n",
              "      <td>186.929993</td>\n",
              "      <td>191.470001</td>\n",
              "      <td>5244700.0</td>\n",
              "      <td>0.0</td>\n",
              "      <td>-8.257769</td>\n",
              "      <td>223.250012</td>\n",
              "      <td>185.200986</td>\n",
              "      <td>32.814602</td>\n",
              "      <td>-138.625438</td>\n",
              "      <td>66.417390</td>\n",
              "      <td>211.389666</td>\n",
              "      <td>218.712000</td>\n",
              "      <td>17.610001</td>\n",
              "      <td>34.480455</td>\n",
              "    </tr>\n",
              "    <tr>\n",
              "      <th>0</th>\n",
              "      <td>2023-10-02</td>\n",
              "      <td>CAT</td>\n",
              "      <td>262.851044</td>\n",
              "      <td>267.774902</td>\n",
              "      <td>261.419340</td>\n",
              "      <td>263.741028</td>\n",
              "      <td>1778200.0</td>\n",
              "      <td>0.0</td>\n",
              "      <td>-0.878849</td>\n",
              "      <td>277.101092</td>\n",
              "      <td>259.928766</td>\n",
              "      <td>51.346802</td>\n",
              "      <td>-69.197028</td>\n",
              "      <td>1.038567</td>\n",
              "      <td>268.083490</td>\n",
              "      <td>264.021855</td>\n",
              "      <td>17.610001</td>\n",
              "      <td>34.480455</td>\n",
              "    </tr>\n",
              "    <tr>\n",
              "      <th>...</th>\n",
              "      <td>...</td>\n",
              "      <td>...</td>\n",
              "      <td>...</td>\n",
              "      <td>...</td>\n",
              "      <td>...</td>\n",
              "      <td>...</td>\n",
              "      <td>...</td>\n",
              "      <td>...</td>\n",
              "      <td>...</td>\n",
              "      <td>...</td>\n",
              "      <td>...</td>\n",
              "      <td>...</td>\n",
              "      <td>...</td>\n",
              "      <td>...</td>\n",
              "      <td>...</td>\n",
              "      <td>...</td>\n",
              "      <td>...</td>\n",
              "      <td>...</td>\n",
              "    </tr>\n",
              "    <tr>\n",
              "      <th>415</th>\n",
              "      <td>2025-05-29</td>\n",
              "      <td>UNH</td>\n",
              "      <td>296.068268</td>\n",
              "      <td>301.241535</td>\n",
              "      <td>292.920599</td>\n",
              "      <td>294.707899</td>\n",
              "      <td>16221100.0</td>\n",
              "      <td>3.0</td>\n",
              "      <td>-41.532585</td>\n",
              "      <td>428.566779</td>\n",
              "      <td>241.232437</td>\n",
              "      <td>31.137987</td>\n",
              "      <td>-85.134647</td>\n",
              "      <td>44.612649</td>\n",
              "      <td>369.004501</td>\n",
              "      <td>443.313975</td>\n",
              "      <td>19.180000</td>\n",
              "      <td>14.255565</td>\n",
              "    </tr>\n",
              "    <tr>\n",
              "      <th>415</th>\n",
              "      <td>2025-05-29</td>\n",
              "      <td>V</td>\n",
              "      <td>361.763428</td>\n",
              "      <td>362.402318</td>\n",
              "      <td>358.089899</td>\n",
              "      <td>359.717041</td>\n",
              "      <td>4590400.0</td>\n",
              "      <td>3.0</td>\n",
              "      <td>5.458062</td>\n",
              "      <td>369.539499</td>\n",
              "      <td>340.936789</td>\n",
              "      <td>58.050023</td>\n",
              "      <td>82.607810</td>\n",
              "      <td>22.231281</td>\n",
              "      <td>347.852685</td>\n",
              "      <td>341.625262</td>\n",
              "      <td>19.180000</td>\n",
              "      <td>14.255565</td>\n",
              "    </tr>\n",
              "    <tr>\n",
              "      <th>415</th>\n",
              "      <td>2025-05-29</td>\n",
              "      <td>VZ</td>\n",
              "      <td>42.640545</td>\n",
              "      <td>42.699588</td>\n",
              "      <td>42.296112</td>\n",
              "      <td>42.463409</td>\n",
              "      <td>9960400.0</td>\n",
              "      <td>3.0</td>\n",
              "      <td>0.035601</td>\n",
              "      <td>43.797670</td>\n",
              "      <td>41.818008</td>\n",
              "      <td>51.194142</td>\n",
              "      <td>-15.257183</td>\n",
              "      <td>18.271264</td>\n",
              "      <td>42.663178</td>\n",
              "      <td>42.697689</td>\n",
              "      <td>19.180000</td>\n",
              "      <td>14.255565</td>\n",
              "    </tr>\n",
              "    <tr>\n",
              "      <th>415</th>\n",
              "      <td>2025-05-29</td>\n",
              "      <td>WBA</td>\n",
              "      <td>11.240000</td>\n",
              "      <td>11.240000</td>\n",
              "      <td>11.160000</td>\n",
              "      <td>11.210000</td>\n",
              "      <td>8877200.0</td>\n",
              "      <td>3.0</td>\n",
              "      <td>0.060238</td>\n",
              "      <td>11.423022</td>\n",
              "      <td>10.917978</td>\n",
              "      <td>53.822533</td>\n",
              "      <td>62.141187</td>\n",
              "      <td>15.455711</td>\n",
              "      <td>11.095333</td>\n",
              "      <td>11.064500</td>\n",
              "      <td>19.180000</td>\n",
              "      <td>14.255565</td>\n",
              "    </tr>\n",
              "    <tr>\n",
              "      <th>415</th>\n",
              "      <td>2025-05-29</td>\n",
              "      <td>WMT</td>\n",
              "      <td>96.873741</td>\n",
              "      <td>97.542178</td>\n",
              "      <td>96.624324</td>\n",
              "      <td>97.402505</td>\n",
              "      <td>14338000.0</td>\n",
              "      <td>3.0</td>\n",
              "      <td>0.888966</td>\n",
              "      <td>98.950671</td>\n",
              "      <td>95.214456</td>\n",
              "      <td>54.422568</td>\n",
              "      <td>46.327241</td>\n",
              "      <td>3.033235</td>\n",
              "      <td>96.108006</td>\n",
              "      <td>91.734840</td>\n",
              "      <td>19.180000</td>\n",
              "      <td>14.255565</td>\n",
              "    </tr>\n",
              "  </tbody>\n",
              "</table>\n",
              "<p>12064 rows × 18 columns</p>\n",
              "</div>"
            ],
            "text/plain": [
              "           date   tic       close        high         low        open  \\\n",
              "                                                                        \n",
              "0    2023-10-02  AAPL  172.064636  172.609304  169.271983  169.559178   \n",
              "0    2023-10-02  AMGN  252.198303  254.262779  250.370580  253.524112   \n",
              "0    2023-10-02   AXP  145.907867  146.317829  144.531574  144.873201   \n",
              "0    2023-10-02    BA  187.830002  192.440002  186.929993  191.470001   \n",
              "0    2023-10-02   CAT  262.851044  267.774902  261.419340  263.741028   \n",
              "..          ...   ...         ...         ...         ...         ...   \n",
              "415  2025-05-29   UNH  296.068268  301.241535  292.920599  294.707899   \n",
              "415  2025-05-29     V  361.763428  362.402318  358.089899  359.717041   \n",
              "415  2025-05-29    VZ   42.640545   42.699588   42.296112   42.463409   \n",
              "415  2025-05-29   WBA   11.240000   11.240000   11.160000   11.210000   \n",
              "415  2025-05-29   WMT   96.873741   97.542178   96.624324   97.402505   \n",
              "\n",
              "         volume  day       macd     boll_ub     boll_lb     rsi_30  \\\n",
              "                                                                     \n",
              "0    52164500.0  0.0  -2.558756  183.367359  165.648056  45.243153   \n",
              "0     1912300.0  0.0   3.867164  261.151693  237.536326  59.425455   \n",
              "0     2657600.0  0.0  -3.052555  160.817412  143.761830  37.445545   \n",
              "0     5244700.0  0.0  -8.257769  223.250012  185.200986  32.814602   \n",
              "0     1778200.0  0.0  -0.878849  277.101092  259.928766  51.346802   \n",
              "..          ...  ...        ...         ...         ...        ...   \n",
              "415  16221100.0  3.0 -41.532585  428.566779  241.232437  31.137987   \n",
              "415   4590400.0  3.0   5.458062  369.539499  340.936789  58.050023   \n",
              "415   9960400.0  3.0   0.035601   43.797670   41.818008  51.194142   \n",
              "415   8877200.0  3.0   0.060238   11.423022   10.917978  53.822533   \n",
              "415  14338000.0  3.0   0.888966   98.950671   95.214456  54.422568   \n",
              "\n",
              "         cci_30      dx_30  close_30_sma  close_60_sma        vix  turbulence  \n",
              "                                                                               \n",
              "0    -87.977273  26.128938    176.366171    180.804583  17.610001   34.480455  \n",
              "0     72.228977  31.542915    247.539638    237.412814  17.610001   34.480455  \n",
              "0   -174.732820  36.526668    153.348367    158.819426  17.610001   34.480455  \n",
              "0   -138.625438  66.417390    211.389666    218.712000  17.610001   34.480455  \n",
              "0    -69.197028   1.038567    268.083490    264.021855  17.610001   34.480455  \n",
              "..          ...        ...           ...           ...        ...         ...  \n",
              "415  -85.134647  44.612649    369.004501    443.313975  19.180000   14.255565  \n",
              "415   82.607810  22.231281    347.852685    341.625262  19.180000   14.255565  \n",
              "415  -15.257183  18.271264     42.663178     42.697689  19.180000   14.255565  \n",
              "415   62.141187  15.455711     11.095333     11.064500  19.180000   14.255565  \n",
              "415   46.327241   3.033235     96.108006     91.734840  19.180000   14.255565  \n",
              "\n",
              "[12064 rows x 18 columns]"
            ]
          },
          "execution_count": 6,
          "metadata": {},
          "output_type": "execute_result"
        }
      ],
      "source": [
        "trade "
      ]
    },
    {
      "cell_type": "markdown",
      "metadata": {
        "id": "qu4Ey54b36oL"
      },
      "source": [
        "Then, upload the trained agent to the same directory, and set the corresponding variable to True."
      ]
    },
    {
      "cell_type": "code",
      "execution_count": 7,
      "metadata": {
        "id": "Z_mVZM4IIa55"
      },
      "outputs": [],
      "source": [
        "\n",
        "if_using_ddpg = False\n",
        "if_using_ppo = True\n",
        "if_using_td3 = False\n",
        "if_using_sac = False"
      ]
    },
    {
      "cell_type": "markdown",
      "metadata": {
        "id": "73D4oRqAIkYj"
      },
      "source": [
        "Load the agents"
      ]
    },
    {
      "cell_type": "code",
      "execution_count": 8,
      "metadata": {
        "id": "6CagrX0I36ZN"
      },
      "outputs": [
        {
          "name": "stderr",
          "output_type": "stream",
          "text": [
            "c:\\Users\\jvija\\AppData\\Local\\Programs\\Python\\Python312\\Lib\\site-packages\\stable_baselines3\\common\\on_policy_algorithm.py:150: UserWarning: You are trying to run PPO on the GPU, but it is primarily intended to run on the CPU when not using a CNN policy (you are using ActorCriticPolicy which should be a MlpPolicy). See https://github.com/DLR-RM/stable-baselines3/issues/1245 for more info. You can pass `device='cpu'` or `export CUDA_VISIBLE_DEVICES=` to force using the CPU.Note: The model will train, but the GPU utilization will be poor and the training might take longer than on CPU.\n",
            "  warnings.warn(\n"
          ]
        }
      ],
      "source": [
        "trained_ddpg = DDPG.load(TRAINED_MODEL_DIR + \"/agent_ddpg\") if if_using_ddpg else None\n",
        "trained_ppo = PPO.load(TRAINED_MODEL_DIR + \"/PPO_5k_0\") if if_using_ppo else None\n",
        "trained_td3 = TD3.load(TRAINED_MODEL_DIR + \"/agent_td3\") if if_using_td3 else None\n",
        "trained_sac = SAC.load(TRAINED_MODEL_DIR + \"/agent_sac\") if if_using_sac else None"
      ]
    },
    {
      "cell_type": "markdown",
      "metadata": {
        "id": "U5mmgQF_h1jQ"
      },
      "source": [
        "### Trading (Out-of-sample Performance)\n",
        "\n",
        "We update periodically in order to take full advantage of the data, e.g., retrain quarterly, monthly or weekly. We also tune the parameters along the way, in this notebook we use the in-sample data from 2009-01 to 2020-07 to tune the parameters once, so there is some alpha decay here as the length of trade date extends. \n",
        "\n",
        "Numerous hyperparameters – e.g. the learning rate, the total number of samples to train on – influence the learning process and are usually determined by testing some variations."
      ]
    },
    {
      "cell_type": "code",
      "execution_count": 9,
      "metadata": {
        "colab": {
          "base_uri": "https://localhost:8080/"
        },
        "id": "4H_w3SaBAkKU",
        "outputId": "fdaed3a7-d3a9-4cde-d194-ee4576057175"
      },
      "outputs": [
        {
          "name": "stdout",
          "output_type": "stream",
          "text": [
            "Stock Dimension: 29, State Space: 291\n"
          ]
        }
      ],
      "source": [
        "stock_dimension = len(trade.tic.unique())\n",
        "state_space = 1 + 2*stock_dimension + len(INDICATORS)*stock_dimension\n",
        "print(f\"Stock Dimension: {stock_dimension}, State Space: {state_space}\")"
      ]
    },
    {
      "cell_type": "code",
      "execution_count": 10,
      "metadata": {
        "id": "nKNmQMqGAknW"
      },
      "outputs": [],
      "source": [
        "buy_cost_list = sell_cost_list = [0.001] * stock_dimension\n",
        "num_stock_shares = [0] * stock_dimension\n",
        "\n",
        "env_kwargs = {\n",
        "    \"hmax\": 100,\n",
        "    \"initial_amount\": 1000000,\n",
        "    \"num_stock_shares\": num_stock_shares,\n",
        "    \"buy_cost_pct\": buy_cost_list,\n",
        "    \"sell_cost_pct\": sell_cost_list,\n",
        "    \"state_space\": state_space,\n",
        "    \"stock_dim\": stock_dimension,\n",
        "    \"tech_indicator_list\": INDICATORS,\n",
        "    \"action_space\": stock_dimension,\n",
        "    \"reward_scaling\": 1e-4\n",
        "}"
      ]
    },
    {
      "cell_type": "code",
      "execution_count": 11,
      "metadata": {
        "id": "cIqoV0GSI52v"
      },
      "outputs": [],
      "source": [
        "e_trade_gym = StockTradingEnv(df = trade, turbulence_threshold = 55,risk_indicator_col='vix', **env_kwargs)\n",
        "env_trade, obs_trade = e_trade_gym.get_sb_env()"
      ]
    },
    {
      "cell_type": "code",
      "execution_count": 12,
      "metadata": {
        "id": "JbYljWGjj3pH"
      },
      "outputs": [],
      "source": [
        "df_account_value_ddpg, df_actions_ddpg = DRLAgent.DRL_prediction(\n",
        "    model=trained_ddpg, \n",
        "    environment = e_trade_gym) if if_using_ddpg else (None, None)"
      ]
    },
    {
      "cell_type": "code",
      "execution_count": 13,
      "metadata": {
        "id": "74jNP2DBj3hb"
      },
      "outputs": [
        {
          "name": "stdout",
          "output_type": "stream",
          "text": [
            "hit end!\n"
          ]
        }
      ],
      "source": [
        "df_account_value_ppo, df_actions_ppo = DRLAgent.DRL_prediction(\n",
        "    model=trained_ppo, \n",
        "    environment = e_trade_gym) if if_using_ppo else (None, None)"
      ]
    },
    {
      "cell_type": "code",
      "execution_count": 25,
      "metadata": {},
      "outputs": [
        {
          "data": {
            "text/html": [
              "<div>\n",
              "<style scoped>\n",
              "    .dataframe tbody tr th:only-of-type {\n",
              "        vertical-align: middle;\n",
              "    }\n",
              "\n",
              "    .dataframe tbody tr th {\n",
              "        vertical-align: top;\n",
              "    }\n",
              "\n",
              "    .dataframe thead th {\n",
              "        text-align: right;\n",
              "    }\n",
              "</style>\n",
              "<table border=\"1\" class=\"dataframe\">\n",
              "  <thead>\n",
              "    <tr style=\"text-align: right;\">\n",
              "      <th></th>\n",
              "      <th>date</th>\n",
              "      <th>account_value</th>\n",
              "    </tr>\n",
              "  </thead>\n",
              "  <tbody>\n",
              "    <tr>\n",
              "      <th>0</th>\n",
              "      <td>2023-10-02</td>\n",
              "      <td>1.000000e+06</td>\n",
              "    </tr>\n",
              "    <tr>\n",
              "      <th>1</th>\n",
              "      <td>2023-10-03</td>\n",
              "      <td>9.990733e+05</td>\n",
              "    </tr>\n",
              "    <tr>\n",
              "      <th>2</th>\n",
              "      <td>2023-10-04</td>\n",
              "      <td>9.998764e+05</td>\n",
              "    </tr>\n",
              "    <tr>\n",
              "      <th>3</th>\n",
              "      <td>2023-10-05</td>\n",
              "      <td>1.001091e+06</td>\n",
              "    </tr>\n",
              "    <tr>\n",
              "      <th>4</th>\n",
              "      <td>2023-10-06</td>\n",
              "      <td>1.004459e+06</td>\n",
              "    </tr>\n",
              "    <tr>\n",
              "      <th>...</th>\n",
              "      <td>...</td>\n",
              "      <td>...</td>\n",
              "    </tr>\n",
              "    <tr>\n",
              "      <th>411</th>\n",
              "      <td>2025-05-22</td>\n",
              "      <td>9.684088e+05</td>\n",
              "    </tr>\n",
              "    <tr>\n",
              "      <th>412</th>\n",
              "      <td>2025-05-23</td>\n",
              "      <td>9.686823e+05</td>\n",
              "    </tr>\n",
              "    <tr>\n",
              "      <th>413</th>\n",
              "      <td>2025-05-27</td>\n",
              "      <td>9.775874e+05</td>\n",
              "    </tr>\n",
              "    <tr>\n",
              "      <th>414</th>\n",
              "      <td>2025-05-28</td>\n",
              "      <td>9.731177e+05</td>\n",
              "    </tr>\n",
              "    <tr>\n",
              "      <th>415</th>\n",
              "      <td>2025-05-29</td>\n",
              "      <td>9.826795e+05</td>\n",
              "    </tr>\n",
              "  </tbody>\n",
              "</table>\n",
              "<p>416 rows × 2 columns</p>\n",
              "</div>"
            ],
            "text/plain": [
              "           date  account_value\n",
              "0    2023-10-02   1.000000e+06\n",
              "1    2023-10-03   9.990733e+05\n",
              "2    2023-10-04   9.998764e+05\n",
              "3    2023-10-05   1.001091e+06\n",
              "4    2023-10-06   1.004459e+06\n",
              "..          ...            ...\n",
              "411  2025-05-22   9.684088e+05\n",
              "412  2025-05-23   9.686823e+05\n",
              "413  2025-05-27   9.775874e+05\n",
              "414  2025-05-28   9.731177e+05\n",
              "415  2025-05-29   9.826795e+05\n",
              "\n",
              "[416 rows x 2 columns]"
            ]
          },
          "execution_count": 25,
          "metadata": {},
          "output_type": "execute_result"
        }
      ],
      "source": [
        "df_account_value_ppo"
      ]
    },
    {
      "cell_type": "code",
      "execution_count": 14,
      "metadata": {
        "id": "S7VyGGJPj3SH"
      },
      "outputs": [],
      "source": [
        "df_account_value_td3, df_actions_td3 = DRLAgent.DRL_prediction(\n",
        "    model=trained_td3, \n",
        "    environment = e_trade_gym) if if_using_td3 else (None, None)"
      ]
    },
    {
      "cell_type": "code",
      "execution_count": 15,
      "metadata": {
        "colab": {
          "base_uri": "https://localhost:8080/"
        },
        "id": "eLOnL5eYh1jR",
        "outputId": "70e50e24-aed5-49f9-cdd7-de6b9689d9ce"
      },
      "outputs": [],
      "source": [
        "df_account_value_sac, df_actions_sac = DRLAgent.DRL_prediction(\n",
        "    model=trained_sac, \n",
        "    environment = e_trade_gym) if if_using_sac else (None, None)"
      ]
    },
    {
      "cell_type": "markdown",
      "metadata": {
        "id": "GcE-t08w6DaW"
      },
      "source": [
        "# Part 3: Mean Variance Optimization"
      ]
    },
    {
      "cell_type": "markdown",
      "metadata": {
        "id": "17TUs71EWj09"
      },
      "source": [
        "Mean Variance optimization is a very classic strategy in portfolio management. Here, we go through the whole process to do the mean variance optimization and add it as a baseline to compare.\n",
        "\n",
        "First, process dataframe to the form for MVO weight calculation."
      ]
    },
    {
      "cell_type": "code",
      "execution_count": 16,
      "metadata": {
        "id": "wungSNOwPwKR"
      },
      "outputs": [],
      "source": [
        "def process_df_for_mvo(df):\n",
        "  df = df.sort_values(['date','tic'],ignore_index=True)[['date','tic','close']]\n",
        "  fst = df\n",
        "  fst = fst.iloc[0:stock_dimension, :]\n",
        "  tic = fst['tic'].tolist()\n",
        "\n",
        "  mvo = pd.DataFrame()\n",
        "\n",
        "  for k in range(len(tic)):\n",
        "    mvo[tic[k]] = 0\n",
        "\n",
        "  for i in range(df.shape[0]//stock_dimension):\n",
        "    n = df\n",
        "    n = n.iloc[i * stock_dimension:(i+1) * stock_dimension, :]\n",
        "    date = n['date'][i*stock_dimension]\n",
        "    mvo.loc[date] = n['close'].tolist()\n",
        "  \n",
        "  return mvo"
      ]
    },
    {
      "cell_type": "markdown",
      "metadata": {
        "id": "SwEwkHJ1d_6u"
      },
      "source": [
        "### Helper functions for mean returns and variance-covariance matrix"
      ]
    },
    {
      "cell_type": "code",
      "execution_count": 17,
      "metadata": {
        "id": "6KvXkpyE8MFq"
      },
      "outputs": [],
      "source": [
        "# Codes in this section partially refer to Dr G A Vijayalakshmi Pai\n",
        "\n",
        "# https://www.kaggle.com/code/vijipai/lesson-5-mean-variance-optimization-of-portfolios/notebook\n",
        "\n",
        "def StockReturnsComputing(StockPrice, Rows, Columns): \n",
        "  import numpy as np \n",
        "  StockReturn = np.zeros([Rows-1, Columns]) \n",
        "  for j in range(Columns):        # j: Assets \n",
        "    for i in range(Rows-1):     # i: Daily Prices \n",
        "      StockReturn[i,j]=((StockPrice[i+1, j]-StockPrice[i,j])/StockPrice[i,j])* 100 \n",
        "      \n",
        "  return StockReturn"
      ]
    },
    {
      "cell_type": "markdown",
      "metadata": {
        "id": "IeVVbuwveJ_5"
      },
      "source": [
        "### Calculate the weights for mean-variance"
      ]
    },
    {
      "cell_type": "code",
      "execution_count": 18,
      "metadata": {
        "colab": {
          "base_uri": "https://localhost:8080/"
        },
        "id": "kE8nruKLQYLO",
        "outputId": "42d07c80-f309-49f8-f2b4-36a51987086f"
      },
      "outputs": [
        {
          "data": {
            "text/plain": [
              "array([[172.06463623, 252.19830322, 145.90786743, ...,  27.74454498,\n",
              "         20.24555397,  52.14739227],\n",
              "       [170.72772217, 247.17912292, 141.58372498, ...,  27.93672943,\n",
              "         20.36294746,  51.81841278],\n",
              "       [171.97550964, 251.37440491, 143.1259613 , ...,  27.55235863,\n",
              "         20.1281662 ,  52.44054031],\n",
              "       ...,\n",
              "       [199.98304749, 279.45001221, 293.02020264, ...,  42.80783844,\n",
              "         11.21000004,  97.35262299],\n",
              "       [200.1927948 , 278.3999939 , 292.6211853 , ...,  42.44372559,\n",
              "         11.18999958,  97.01341248],\n",
              "       [199.72332764, 283.54000854, 294.63613892, ...,  42.64054489,\n",
              "         11.23999977,  96.87374115]])"
            ]
          },
          "execution_count": 18,
          "metadata": {},
          "output_type": "execute_result"
        }
      ],
      "source": [
        "StockData = process_df_for_mvo(train)\n",
        "TradeData = process_df_for_mvo(trade)\n",
        "\n",
        "TradeData.to_numpy()"
      ]
    },
    {
      "cell_type": "code",
      "execution_count": 19,
      "metadata": {
        "colab": {
          "base_uri": "https://localhost:8080/"
        },
        "id": "u6_O6vrn_uD4",
        "outputId": "0c2f8bf7-07e7-4fe5-c409-93312b95a8dd"
      },
      "outputs": [
        {
          "name": "stdout",
          "output_type": "stream",
          "text": [
            "Mean returns of assets in k-portfolio 1\n",
            " [0.111 0.065 0.06  0.069 0.072 0.095 0.047 0.052 0.044 0.041 0.089 0.065\n",
            " 0.027 0.046 0.043 0.061 0.038 0.06  0.025 0.053 0.089 0.071 0.043 0.054\n",
            " 0.099 0.084 0.027 0.012 0.048]\n",
            "Variance-Covariance matrix of returns\n",
            " [[3.196 0.949 1.409 1.618 1.351 1.859 1.415 1.091 1.236 1.404 1.247 1.242\n",
            "  1.022 1.667 0.667 1.294 0.693 0.835 1.068 0.693 1.739 1.329 0.696 0.837\n",
            "  1.124 1.414 0.543 0.983 0.655]\n",
            " [0.949 2.305 1.006 0.93  0.992 1.097 0.964 0.865 0.875 1.039 0.921 0.973\n",
            "  0.808 1.104 0.865 1.052 0.625 0.641 0.883 1.002 1.004 0.828 0.699 0.811\n",
            "  1.076 0.98  0.609 0.998 0.61 ]\n",
            " [1.409 1.006 3.426 2.516 1.926 1.679 1.435 1.805 1.806 2.225 1.403 1.801\n",
            "  1.314 1.58  0.805 2.337 0.971 1.053 1.399 0.877 1.435 1.546 0.723 1.464\n",
            "  1.341 1.858 0.736 1.251 0.582]\n",
            " [1.618 0.93  2.516 5.157 2.126 1.819 1.487 2.018 1.951 2.194 1.527 2.079\n",
            "  1.456 1.822 0.817 2.24  1.062 1.172 1.464 0.843 1.501 1.72  0.727 1.527\n",
            "  1.376 1.734 0.721 1.417 0.597]\n",
            " [1.351 0.992 1.926 2.126 3.395 1.573 1.457 1.894 1.489 1.972 1.228 1.824\n",
            "  1.305 1.558 0.752 1.992 0.812 0.833 1.597 0.851 1.295 1.372 0.635 1.262\n",
            "  1.132 1.39  0.698 1.242 0.588]\n",
            " [1.859 1.097 1.679 1.819 1.573 5.254 1.664 1.219 1.554 1.657 1.445 1.464\n",
            "  1.129 1.822 0.685 1.564 0.742 0.968 1.176 0.816 2.052 1.693 0.659 0.974\n",
            "  1.154 1.784 0.578 1.072 0.637]\n",
            " [1.415 0.964 1.435 1.487 1.457 1.664 2.761 1.219 1.279 1.463 1.151 1.332\n",
            "  1.202 1.61  0.799 1.466 0.74  0.818 1.196 0.815 1.491 1.208 0.751 0.968\n",
            "  1.05  1.291 0.645 1.062 0.684]\n",
            " [1.091 0.865 1.805 2.018 1.894 1.219 1.219 2.952 1.34  1.731 1.111 1.532\n",
            "  1.19  1.333 0.749 1.813 0.841 0.903 1.197 0.884 1.125 1.124 0.602 1.304\n",
            "  1.198 1.287 0.704 1.049 0.506]\n",
            " [1.236 0.875 1.806 1.951 1.489 1.554 1.279 1.34  2.705 1.651 1.226 1.467\n",
            "  1.02  1.373 0.65  1.677 0.808 0.848 1.166 0.691 1.284 1.381 0.654 1.057\n",
            "  0.997 1.395 0.67  1.083 0.595]\n",
            " [1.404 1.039 2.225 2.194 1.972 1.657 1.463 1.731 1.651 3.304 1.359 1.676\n",
            "  1.264 1.592 0.779 2.64  0.799 0.912 1.414 0.886 1.431 1.4   0.679 1.448\n",
            "  1.295 1.524 0.703 1.25  0.603]\n",
            " [1.247 0.921 1.403 1.527 1.228 1.445 1.151 1.111 1.226 1.359 2.181 1.243\n",
            "  0.971 1.323 0.667 1.342 0.737 0.885 1.084 0.703 1.279 1.334 0.711 1.009\n",
            "  1.086 1.223 0.627 0.974 0.741]\n",
            " [1.242 0.973 1.801 2.079 1.824 1.464 1.332 1.532 1.467 1.676 1.243 2.148\n",
            "  1.146 1.377 0.78  1.748 0.881 0.906 1.417 0.842 1.264 1.346 0.689 1.208\n",
            "  1.176 1.372 0.67  1.145 0.577]\n",
            " [1.022 0.808 1.314 1.456 1.305 1.129 1.202 1.19  1.02  1.264 0.971 1.146\n",
            "  1.957 1.256 0.685 1.318 0.745 0.723 1.067 0.722 1.076 0.953 0.657 0.943\n",
            "  0.947 1.075 0.635 0.967 0.53 ]\n",
            " [1.667 1.104 1.58  1.822 1.558 1.822 1.61  1.333 1.373 1.592 1.323 1.377\n",
            "  1.256 3.597 0.739 1.558 0.775 0.807 1.255 0.77  1.816 1.325 0.746 1.066\n",
            "  1.085 1.372 0.682 1.146 0.697]\n",
            " [0.667 0.865 0.805 0.817 0.752 0.685 0.799 0.749 0.65  0.779 0.667 0.78\n",
            "  0.685 0.739 1.127 0.823 0.608 0.551 0.76  0.769 0.731 0.65  0.643 0.66\n",
            "  0.811 0.745 0.544 0.758 0.515]\n",
            " [1.294 1.052 2.337 2.24  1.992 1.564 1.466 1.813 1.677 2.64  1.342 1.748\n",
            "  1.318 1.558 0.823 3.163 0.896 0.946 1.417 0.953 1.356 1.397 0.724 1.563\n",
            "  1.316 1.543 0.782 1.272 0.617]\n",
            " [0.693 0.625 0.971 1.062 0.812 0.742 0.74  0.841 0.808 0.799 0.737 0.881\n",
            "  0.745 0.775 0.608 0.896 1.188 0.663 0.754 0.617 0.748 0.761 0.721 0.804\n",
            "  0.734 0.797 0.581 0.709 0.509]\n",
            " [0.835 0.641 1.053 1.172 0.833 0.968 0.818 0.903 0.848 0.912 0.885 0.906\n",
            "  0.723 0.807 0.551 0.946 0.663 1.388 0.739 0.624 0.873 0.911 0.567 0.853\n",
            "  0.787 0.93  0.471 0.624 0.476]\n",
            " [1.068 0.883 1.399 1.464 1.597 1.176 1.196 1.197 1.166 1.414 1.084 1.417\n",
            "  1.067 1.255 0.76  1.417 0.754 0.739 1.969 0.702 1.041 1.128 0.663 1.002\n",
            "  0.938 1.111 0.633 1.09  0.55 ]\n",
            " [0.693 1.002 0.877 0.843 0.851 0.816 0.815 0.884 0.691 0.886 0.703 0.842\n",
            "  0.722 0.77  0.769 0.953 0.617 0.624 0.702 1.718 0.773 0.686 0.617 0.783\n",
            "  0.907 0.821 0.607 0.731 0.51 ]\n",
            " [1.739 1.004 1.435 1.501 1.295 2.052 1.491 1.125 1.284 1.431 1.279 1.264\n",
            "  1.076 1.816 0.731 1.356 0.748 0.873 1.041 0.773 2.686 1.325 0.761 0.926\n",
            "  1.155 1.446 0.61  0.999 0.705]\n",
            " [1.329 0.828 1.546 1.72  1.372 1.693 1.208 1.124 1.381 1.4   1.334 1.346\n",
            "  0.953 1.325 0.65  1.397 0.761 0.911 1.128 0.686 1.325 2.993 0.673 0.95\n",
            "  1.021 1.362 0.591 0.983 0.625]\n",
            " [0.696 0.699 0.723 0.727 0.635 0.659 0.751 0.602 0.654 0.679 0.711 0.689\n",
            "  0.657 0.746 0.643 0.724 0.721 0.567 0.663 0.617 0.761 0.673 1.182 0.655\n",
            "  0.678 0.693 0.579 0.708 0.612]\n",
            " [0.837 0.811 1.464 1.527 1.262 0.974 0.968 1.304 1.057 1.448 1.009 1.208\n",
            "  0.943 1.066 0.66  1.563 0.804 0.853 1.002 0.783 0.926 0.95  0.655 1.976\n",
