{
  "cells": [
    {
      "cell_type": "code",
      "execution_count": 31,
      "metadata": {
        "colab": {
          "base_uri": "https://localhost:8080/",
          "height": 384
        },
        "id": "1O3YnGhYT7S8",
        "outputId": "503f37f9-2958-4bf0-ae28-91c896d22cd6"
      },
      "outputs": [],
      "source": [
        "import sys\n",
        "import pandas as pd\n",
        "import numpy as np\n",
        "import matplotlib.pyplot as plt\n",
        "import seaborn as sns\n",
        "import sys\n",
        "sys.path.append(r\"D:\\FinRL-master\\FinRL-master\")\n",
        "\n",
        "from finrl.meta.preprocessor.yahoodownloader import YahooDownloader\n",
        "from finrl.meta.env_stock_trading.env_stocktrading import StockTradingEnv\n",
        "from finrl.agents.stablebaselines3.models import DRLAgent\n",
        "from stable_baselines3 import A2C, DDPG, PPO, SAC, TD3\n",
        "\n",
        "%matplotlib inline\n",
        "from finrl.config import INDICATORS"
      ]
    },
    {
      "cell_type": "code",
      "execution_count": 32,
      "metadata": {},
      "outputs": [],
      "source": [
        "# Load processed data (ensure these exist and include 'date', 'tic', 'close', etc.)\n",
        "train = pd.read_csv('train_data.csv')\n",
        "trade = pd.read_csv('trade_data.csv')\n",
        "\n",
        "train = train.set_index(train.columns[0])\n",
        "train.index.names = ['']\n",
        "trade = trade.set_index(trade.columns[0])\n",
        "trade.index.names = ['']"
      ]
    },
    {
      "cell_type": "code",
      "execution_count": 33,
      "metadata": {
        "colab": {
          "base_uri": "https://localhost:8080/",
          "height": 384
        },
        "id": "UCF83sP6IdbW",
        "outputId": "31384827-3f1f-4fb2-a1c6-932b161a85a3"
      },
      "outputs": [],
      "source": [
        "# CELL 1: Imports & metrics helper\n",
        "\n",
        "import os, glob, numpy as np, pandas as pd, matplotlib.pyplot as plt\n",
        "\n",
        "# Expect these to already exist in your session:\n",
        "# - trade: DataFrame (long format) with columns incl. 'date','tic','close', indicators, etc.\n",
        "# - INDICATORS: list of indicator column names\n",
        "if \"RESULTS_DIR\" not in globals():\n",
        "    RESULTS_DIR = os.path.join(os.getcwd(), \"results\")\n",
        "os.makedirs(RESULTS_DIR, exist_ok=True)\n",
        "\n",
        "# FinRL / SB3 imports\n",
        "from finrl.meta.env_stock_trading.env_stocktrading import StockTradingEnv\n",
        "from finrl.agents.stablebaselines3.models import DRLAgent\n",
        "\n",
        "def compute_financial_metrics(values, steps_per_year=252):\n",
        "    v = np.asarray(values, dtype=float)\n",
        "    assert v.ndim == 1 and len(v) > 1, \"values must be 1D series with len > 1\"\n",
        "    r = np.diff(v) / v[:-1]\n",
        "    mean_r = np.mean(r)\n",
        "    std_r  = np.std(r, ddof=1) if len(r) > 1 else 0.0\n",
        "\n",
        "    n = len(v) - 1\n",
        "    ann_return = (v[-1] / v[0])**(steps_per_year / max(n, 1)) - 1\n",
        "    ann_vol    = (std_r * np.sqrt(steps_per_year)) if std_r > 0 else 0.0\n",
        "    sharpe     = (mean_r / std_r * np.sqrt(steps_per_year)) if std_r > 0 else 0.0\n",
        "\n",
        "    peak = np.maximum.accumulate(v)\n",
        "    dd = (v - peak) / peak\n",
        "    max_dd = dd.min()\n",
        "\n",
        "    calmar = (ann_return / abs(max_dd)) if max_dd < 0 else np.inf\n",
        "\n",
        "    return {\n",
        "        \"Annual Return\": round(ann_return * 100.0, 2),\n",
        "        \"Annual Volatility\": round(ann_vol * 100.0, 2),\n",
        "        \"Sharpe Ratio\": round(sharpe, 2),\n",
        "        \"Calmar Ratio\": round(calmar, 2 if np.isfinite(calmar) else 0),\n",
        "        \"Max Drawdown\": f\"{round(max_dd * 100.0, 1)}%\",\n",
        "    }\n"
      ]
    },
    {
      "cell_type": "code",
      "execution_count": 34,
      "metadata": {
        "id": "e4jK0eEUIjsc"
      },
      "outputs": [],
      "source": [
        "# CELL 2: Config — per-algorithm, per-method folders + seeds\n",
        "\n",
        "LOOP_COUNT = 3  # you asked for 3\n",
        "\n",
        "# Choose the algos you have models for (add/remove as needed)\n",
        "ALGO_LIST = [\"PPO\", \"DDPG\", \"TD3\", \"SAC\"]  # e.g., you can add \"A2C\"\n",
        "\n",
        "# Map: method -> { ALGO -> folder_path }\n",
        "# Put the FOLDER that contains seed files like: ALGO_5k_0.zip, ALGO_5k_1.zip, ALGO_5k_2.zip\n",
        "# CELL: corrected METHOD_PATHS (edit absolute paths!)\n",
        "METHOD_PATHS = {\n",
        "    \"Baseline\": {\n",
        "        \"PPO\":  \"tuning_models\\\\Baseline\\\\PPO\",\n",
        "        \"DDPG\": \"tuning_models\\\\Baseline\\\\DDGP\",\n",
        "        \"TD3\":  \"tuning_models\\\\Baseline\\\\TD3\",\n",
        "        \"SAC\":  \"tuning_models\\\\Baseline\\\\SAC\",\n",
        "    },\n",
        "    \"Meta-gradient tuning\": {\n",
        "        \"PPO\":  \"tuning_models\\\\Meta-gradient\\\\PPO\",\n",
        "        \"DDPG\": \"tuning_models\\\\Meta-gradient\\\\DDGP\",  # <-- fixed\n",
        "        \"TD3\":  \"tuning_models\\\\Meta-gradient\\\\TD3\",\n",
        "        \"SAC\":  \"tuning_models\\\\Meta-gradient\\\\SAC\",\n",
        "    },\n",
        "    \"Multi-objective Optuna\": {\n",
        "        \"PPO\":  \"tuning_models\\\\Multi-objective Optuna\\\\PPO\",\n",
        "        \"DDPG\": \"tuning_models\\\\Multi-objective Optuna\\\\DDGP\",  # <-- fixed\n",
        "        \"TD3\":  \"tuning_models\\\\Multi-objective Optuna\\\\TD3\",\n",
        "        \"SAC\":  \"tuning_models\\\\Multi-objective Optuna\\\\SAC\",\n",
        "    },\n",
        "}\n",
        "\n",
        "\n",
        "# Where to save results\n",
        "TUNING_RESULTS_DIR = os.path.join(RESULTS_DIR, \"two_tunings_eval_per_algo_paths\")\n",
        "os.makedirs(TUNING_RESULTS_DIR, exist_ok=True)\n",
        "\n",
        "# quick sanity on path types\n",
        "for method, m in METHOD_PATHS.items():\n",
        "    for algo, p in m.items():\n",
        "        if algo in ALGO_LIST and not isinstance(p, (str, os.PathLike)):\n",
        "            raise TypeError(f\"{method}/{algo} path must be a string; got {type(p).__name__}\")\n"
      ]
    },
    {
      "cell_type": "code",
      "execution_count": 35,
      "metadata": {},
      "outputs": [],
      "source": [
        "stock_dimension = len(trade.tic.unique())\n",
        "state_space = 1 + 2*stock_dimension + len(INDICATORS)*stock_dimension"
      ]
    },
    {
      "cell_type": "code",
      "execution_count": 36,
      "metadata": {
        "id": "mF-V9dkGIlWI"
      },
      "outputs": [],
      "source": [
        "# CELL 3: Helper functions (load model, evaluate, find model file, safe name)\n",
        "\n",
        "def load_model_by_algo(model_path, algo):\n",
        "    algo = algo.upper()\n",
        "    if   algo == \"PPO\":\n",
        "        from stable_baselines3 import PPO;  return PPO.load(model_path)\n",
        "    elif algo == \"A2C\":\n",
        "        from stable_baselines3 import A2C;  return A2C.load(model_path)\n",
        "    elif algo == \"TD3\":\n",
        "        from stable_baselines3 import TD3;  return TD3.load(model_path)\n",
        "    elif algo == \"SAC\":\n",
        "        from stable_baselines3 import SAC;  return SAC.load(model_path)\n",
        "    elif algo == \"DDPG\":\n",
        "        from stable_baselines3 import DDPG; return DDPG.load(model_path)\n",
        "    else:\n",
        "        raise ValueError(f\"Unsupported algo: {algo}\")\n",
        "\n",
        "def evaluate_one_model(model_path, trade_df):\n",
        "    # infer algo from filename prefix (e.g., 'PPO_5k_0.zip' -> 'PPO')\n",
        "    algo = os.path.basename(model_path).split('_')[0].upper()\n",
        "    buy_cost_list = sell_cost_list = [0.001] * stock_dimension\n",
        "    num_stock_shares = [0] * stock_dimension\n",
        "\n",
        "    env_kwargs = {\n",
        "        \"hmax\": 100,\n",
        "        \"initial_amount\": 1000000,\n",
        "        \"num_stock_shares\": num_stock_shares,\n",
        "        \"buy_cost_pct\": buy_cost_list,\n",
        "        \"sell_cost_pct\": sell_cost_list,\n",
        "        \"state_space\": state_space,\n",
        "        \"stock_dim\": stock_dimension,\n",
        "        \"tech_indicator_list\": INDICATORS,\n",
        "        \"action_space\": stock_dimension,\n",
        "        \"reward_scaling\": 1e-4\n",
        "    }\n",
        "    e_trade_gym = StockTradingEnv(\n",
        "        df=trade_df, turbulence_threshold=55, risk_indicator_col=\"vix\", **env_kwargs\n",
        "    )\n",
        "    model = load_model_by_algo(model_path, algo)\n",
        "    df_account_value, _ = DRLAgent.DRL_prediction(model=model, environment=e_trade_gym)\n",
        "    return df_account_value[\"account_value\"].values  # 1D equity curve\n",
        "\n",
        "def find_model_file(folder, algo, i):\n",
        "    # Standard pattern: ALGO_5k_i.zip\n",
        "    cand = os.path.join(folder, f\"{algo}_5k_{i}.zip\")\n",
        "    if os.path.isfile(cand):\n",
        "        return cand\n",
        "    # Flexible matching if you used other names (seed, etc.)\n",
        "    globs = [\n",
        "        os.path.join(folder, f\"*{algo}*{i}*.zip\"),\n",
        "        os.path.join(folder, f\"{algo}*{i}.zip\"),\n",
        "        os.path.join(folder, f\"{algo}_*{i}*.zip\"),\n",
        "    ]\n",
        "    matches = []\n",
        "    for g in globs:\n",
        "        matches += glob.glob(g)\n",
        "    return sorted(matches)[0] if matches else None\n",
        "\n",
        "def safe_name(s: str) -> str:\n",
        "    \"\"\"Make a string safe for filenames.\"\"\"\n",
        "    return \"\".join(ch if ch.isalnum() or ch in \"-._\" else \"_\" for ch in s)\n"
      ]
    },
    {
      "cell_type": "code",
      "execution_count": 37,
      "metadata": {},
      "outputs": [],
      "source": [
        "def process_df_for_mvo(df):\n",
        "  df = df.sort_values(['date','tic'],ignore_index=True)[['date','tic','close']]\n",
        "  fst = df\n",
        "  fst = fst.iloc[0:stock_dimension, :]\n",
        "  tic = fst['tic'].tolist()\n",
        "\n",
        "  mvo = pd.DataFrame()\n",
        "\n",
        "  for k in range(len(tic)):\n",
        "    mvo[tic[k]] = 0\n",
        "\n",
        "  for i in range(df.shape[0]//stock_dimension):\n",
        "    n = df\n",
        "    n = n.iloc[i * stock_dimension:(i+1) * stock_dimension, :]\n",
        "    date = n['date'][i*stock_dimension]\n",
        "    mvo.loc[date] = n['close'].tolist()\n",
        "  \n",
        "  return mvo"
      ]
    },
    {
      "cell_type": "code",
      "execution_count": 38,
      "metadata": {},
      "outputs": [],
      "source": [
        "# Codes in this section partially refer to Dr G A Vijayalakshmi Pai\n",
        "\n",
        "# https://www.kaggle.com/code/vijipai/lesson-5-mean-variance-optimization-of-portfolios/notebook\n",
        "\n",
        "def StockReturnsComputing(StockPrice, Rows, Columns): \n",
        "  import numpy as np \n",
        "  StockReturn = np.zeros([Rows-1, Columns]) \n",
        "  for j in range(Columns):        # j: Assets \n",
        "    for i in range(Rows-1):     # i: Daily Prices \n",
        "      StockReturn[i,j]=((StockPrice[i+1, j]-StockPrice[i,j])/StockPrice[i,j])* 100 \n",
        "      \n",
        "  return StockReturn"
      ]
    },
    {
      "cell_type": "code",
      "execution_count": 39,
      "metadata": {},
      "outputs": [
        {
          "data": {
            "text/plain": [
              "array([[172.065, 252.198, 145.908, ...,  27.745,  20.246,  52.147],\n",
              "       [170.728, 247.179, 141.584, ...,  27.937,  20.363,  51.818],\n",
              "       [171.976, 251.374, 143.126, ...,  27.552,  20.128,  52.441],\n",
              "       ...,\n",
              "       [199.983, 279.45 , 293.02 , ...,  42.808,  11.21 ,  97.353],\n",
              "       [200.193, 278.4  , 292.621, ...,  42.444,  11.19 ,  97.013],\n",
              "       [199.723, 283.54 , 294.636, ...,  42.641,  11.24 ,  96.874]])"
            ]
          },
          "execution_count": 39,
          "metadata": {},
          "output_type": "execute_result"
        }
      ],
      "source": [
        "StockData = process_df_for_mvo(train)\n",
        "TradeData = process_df_for_mvo(trade)\n",
        "\n",
        "TradeData.to_numpy()"
      ]
    },
    {
      "cell_type": "code",
      "execution_count": 40,
      "metadata": {},
      "outputs": [
        {
          "name": "stdout",
          "output_type": "stream",
          "text": [
            "Mean returns of assets in k-portfolio 1\n",
            " [0.111 0.065 0.06  0.069 0.072 0.095 0.047 0.052 0.044 0.041 0.089 0.065\n",
            " 0.027 0.046 0.043 0.061 0.038 0.06  0.025 0.053 0.089 0.071 0.043 0.054\n",
            " 0.099 0.084 0.027 0.012 0.048]\n",
            "Variance-Covariance matrix of returns\n",
            " [[3.196 0.949 1.409 1.618 1.351 1.859 1.415 1.091 1.236 1.404 1.247 1.242\n",
            "  1.022 1.667 0.667 1.294 0.693 0.835 1.068 0.693 1.739 1.329 0.696 0.837\n",
            "  1.124 1.414 0.543 0.983 0.655]\n",
            " [0.949 2.305 1.006 0.93  0.992 1.097 0.964 0.865 0.875 1.039 0.921 0.973\n",
            "  0.808 1.104 0.865 1.052 0.625 0.641 0.883 1.002 1.004 0.828 0.699 0.811\n",
            "  1.076 0.98  0.609 0.998 0.61 ]\n",
            " [1.409 1.006 3.426 2.516 1.926 1.679 1.435 1.805 1.806 2.225 1.403 1.801\n",
            "  1.314 1.58  0.805 2.337 0.971 1.053 1.399 0.877 1.435 1.546 0.723 1.464\n",
            "  1.341 1.858 0.736 1.251 0.582]\n",
            " [1.618 0.93  2.516 5.157 2.126 1.819 1.487 2.018 1.951 2.194 1.527 2.079\n",
            "  1.456 1.822 0.817 2.24  1.062 1.172 1.464 0.843 1.501 1.72  0.727 1.527\n",
            "  1.376 1.734 0.721 1.417 0.597]\n",
            " [1.351 0.992 1.926 2.126 3.395 1.573 1.457 1.894 1.489 1.972 1.228 1.824\n",
            "  1.305 1.558 0.752 1.992 0.812 0.833 1.597 0.851 1.295 1.372 0.635 1.262\n",
            "  1.132 1.39  0.698 1.242 0.588]\n",
            " [1.859 1.097 1.679 1.819 1.573 5.254 1.664 1.219 1.554 1.657 1.445 1.464\n",
            "  1.129 1.822 0.685 1.564 0.742 0.968 1.176 0.816 2.052 1.693 0.659 0.974\n",
            "  1.154 1.784 0.578 1.072 0.637]\n",
            " [1.415 0.964 1.435 1.487 1.457 1.664 2.761 1.219 1.279 1.463 1.151 1.332\n",
            "  1.202 1.61  0.799 1.466 0.74  0.818 1.196 0.815 1.491 1.208 0.751 0.968\n",
            "  1.05  1.291 0.645 1.062 0.684]\n",
            " [1.091 0.865 1.805 2.018 1.894 1.219 1.219 2.952 1.34  1.731 1.111 1.532\n",
            "  1.19  1.333 0.749 1.813 0.841 0.903 1.197 0.884 1.125 1.124 0.602 1.304\n",
            "  1.198 1.287 0.704 1.049 0.506]\n",
            " [1.236 0.875 1.806 1.951 1.489 1.554 1.279 1.34  2.705 1.651 1.226 1.467\n",
            "  1.02  1.373 0.65  1.677 0.808 0.848 1.166 0.691 1.284 1.381 0.654 1.057\n",
            "  0.997 1.395 0.67  1.083 0.595]\n",
            " [1.404 1.039 2.225 2.194 1.972 1.657 1.463 1.731 1.651 3.304 1.359 1.676\n",
            "  1.264 1.592 0.779 2.64  0.799 0.912 1.414 0.886 1.431 1.4   0.679 1.448\n",
            "  1.295 1.524 0.703 1.25  0.603]\n",
            " [1.247 0.921 1.403 1.527 1.228 1.445 1.151 1.111 1.226 1.359 2.181 1.243\n",
            "  0.971 1.323 0.667 1.342 0.737 0.885 1.084 0.703 1.279 1.334 0.711 1.009\n",
            "  1.086 1.223 0.627 0.974 0.741]\n",
            " [1.242 0.973 1.801 2.079 1.824 1.464 1.332 1.532 1.467 1.676 1.243 2.148\n",
            "  1.146 1.377 0.78  1.748 0.881 0.906 1.417 0.842 1.264 1.346 0.689 1.208\n",
            "  1.176 1.372 0.67  1.145 0.577]\n",
            " [1.022 0.808 1.314 1.456 1.305 1.129 1.202 1.19  1.02  1.264 0.971 1.146\n",
            "  1.957 1.256 0.685 1.318 0.745 0.723 1.067 0.722 1.076 0.953 0.657 0.943\n",
            "  0.947 1.075 0.635 0.967 0.53 ]\n",
            " [1.667 1.104 1.58  1.822 1.558 1.822 1.61  1.333 1.373 1.592 1.323 1.377\n",
            "  1.256 3.597 0.739 1.558 0.775 0.807 1.255 0.77  1.816 1.325 0.746 1.066\n",
            "  1.085 1.372 0.682 1.146 0.697]\n",
            " [0.667 0.865 0.805 0.817 0.752 0.685 0.799 0.749 0.65  0.779 0.667 0.78\n",
            "  0.685 0.739 1.127 0.823 0.608 0.551 0.76  0.769 0.731 0.65  0.643 0.66\n",
            "  0.811 0.745 0.544 0.758 0.515]\n",
            " [1.294 1.052 2.337 2.24  1.992 1.564 1.466 1.813 1.677 2.64  1.342 1.748\n",
            "  1.318 1.558 0.823 3.163 0.896 0.946 1.417 0.953 1.356 1.397 0.724 1.563\n",
            "  1.316 1.543 0.782 1.272 0.617]\n",
            " [0.693 0.625 0.971 1.062 0.812 0.742 0.74  0.841 0.808 0.799 0.737 0.881\n",
            "  0.745 0.775 0.608 0.896 1.188 0.663 0.754 0.617 0.748 0.761 0.721 0.804\n",
            "  0.734 0.797 0.581 0.709 0.509]\n",
            " [0.835 0.641 1.053 1.172 0.833 0.968 0.818 0.903 0.848 0.912 0.885 0.906\n",
            "  0.723 0.807 0.551 0.946 0.663 1.388 0.739 0.624 0.873 0.911 0.567 0.853\n",
            "  0.787 0.93  0.471 0.624 0.476]\n",
            " [1.068 0.883 1.399 1.464 1.597 1.176 1.196 1.197 1.166 1.414 1.084 1.417\n",
            "  1.067 1.255 0.76  1.417 0.754 0.739 1.969 0.702 1.041 1.128 0.663 1.002\n",
            "  0.938 1.111 0.633 1.09  0.55 ]\n",
            " [0.693 1.002 0.877 0.843 0.851 0.816 0.815 0.884 0.691 0.886 0.703 0.842\n",
            "  0.722 0.77  0.769 0.953 0.617 0.624 0.702 1.718 0.773 0.686 0.617 0.783\n",
            "  0.907 0.821 0.607 0.731 0.51 ]\n",
            " [1.739 1.004 1.435 1.501 1.295 2.052 1.491 1.125 1.284 1.431 1.279 1.264\n",
            "  1.076 1.816 0.731 1.356 0.748 0.873 1.041 0.773 2.686 1.325 0.761 0.926\n",
            "  1.155 1.446 0.61  0.999 0.705]\n",
            " [1.329 0.828 1.546 1.72  1.372 1.693 1.208 1.124 1.381 1.4   1.334 1.346\n",
            "  0.953 1.325 0.65  1.397 0.761 0.911 1.128 0.686 1.325 2.993 0.673 0.95\n",
            "  1.021 1.362 0.591 0.983 0.625]\n",
            " [0.696 0.699 0.723 0.727 0.635 0.659 0.751 0.602 0.654 0.679 0.711 0.689\n",
            "  0.657 0.746 0.643 0.724 0.721 0.567 0.663 0.617 0.761 0.673 1.182 0.655\n",
            "  0.678 0.693 0.579 0.708 0.612]\n",
            " [0.837 0.811 1.464 1.527 1.262 0.974 0.968 1.304 1.057 1.448 1.009 1.208\n",
            "  0.943 1.066 0.66  1.563 0.804 0.853 1.002 0.783 0.926 0.95  0.655 1.976\n",
            "  1.032 1.068 0.671 0.895 0.555]\n",
            " [1.124 1.076 1.341 1.376 1.132 1.154 1.05  1.198 0.997 1.295 1.086 1.176\n",
            "  0.947 1.085 0.811 1.316 0.734 0.787 0.938 0.907 1.155 1.021 0.678 1.032\n",
            "  2.561 1.128 0.604 0.979 0.613]\n",
            " [1.414 0.98  1.858 1.734 1.39  1.784 1.291 1.287 1.395 1.524 1.223 1.372\n",
            "  1.075 1.372 0.745 1.543 0.797 0.93  1.111 0.821 1.446 1.362 0.693 1.068\n",
            "  1.128 2.609 0.601 0.945 0.558]\n",
            " [0.543 0.609 0.736 0.721 0.698 0.578 0.645 0.704 0.67  0.703 0.627 0.67\n",
            "  0.635 0.682 0.544 0.782 0.581 0.471 0.633 0.607 0.61  0.591 0.579 0.671\n",
            "  0.604 0.601 1.289 0.671 0.498]\n",
            " [0.983 0.998 1.251 1.417 1.242 1.072 1.062 1.049 1.083 1.25  0.974 1.145\n",
            "  0.967 1.146 0.758 1.272 0.709 0.624 1.09  0.731 0.999 0.983 0.708 0.895\n",
            "  0.979 0.945 0.671 3.182 0.74 ]\n",
            " [0.655 0.61  0.582 0.597 0.588 0.637 0.684 0.506 0.595 0.603 0.741 0.577\n",
            "  0.53  0.697 0.515 0.617 0.509 0.476 0.55  0.51  0.705 0.625 0.612 0.555\n",
            "  0.613 0.558 0.498 0.74  1.469]]\n"
          ]
        }
      ],
      "source": [
        "#compute asset returns\n",
        "arStockPrices = np.asarray(StockData)\n",
        "[Rows, Cols]=arStockPrices.shape\n",
        "arReturns = StockReturnsComputing(arStockPrices, Rows, Cols)\n",
        "\n",
        "#compute mean returns and variance covariance matrix of returns\n",
        "meanReturns = np.mean(arReturns, axis = 0)\n",
        "covReturns = np.cov(arReturns, rowvar=False)\n",
        " \n",
        "#set precision for printing results\n",
        "np.set_printoptions(precision=3, suppress = True)\n",
        "\n",
        "#display mean returns and variance-covariance matrix of returns\n",
        "print('Mean returns of assets in k-portfolio 1\\n', meanReturns)\n",
        "print('Variance-Covariance matrix of returns\\n', covReturns)"
      ]
    },
    {
      "cell_type": "code",
      "execution_count": 41,
      "metadata": {},
      "outputs": [
        {
          "data": {
            "text/plain": [
              "array([248190.,  14900.,      0.,      0.,      0.,   5590.,      0.,\n",
              "            0.,      0.,      0., 190580.,      0.,      0.,      0.,\n",
              "            0.,      0.,      0., 111530.,      0.,  24280.,  13000.,\n",
              "            0.,      0.,      0., 277910.,  42680.,      0.,      0.,\n",
              "        71340.])"
            ]
          },
          "execution_count": 41,
          "metadata": {},
          "output_type": "execute_result"
        }
      ],
      "source": [
        "from pypfopt.efficient_frontier import EfficientFrontier\n",
        "\n",
        "ef_mean = EfficientFrontier(meanReturns, covReturns, weight_bounds=(0, 0.5))\n",
        "raw_weights_mean = ef_mean.max_sharpe()\n",
        "cleaned_weights_mean = ef_mean.clean_weights()\n",
        "mvo_weights = np.array([1000000 * cleaned_weights_mean[i] for i in range(29)])\n",
        "mvo_weights"
      ]
    },
    {
      "cell_type": "code",
      "execution_count": 42,
      "metadata": {},
      "outputs": [
        {
          "data": {
            "text/plain": [
              "array([1463.822,   58.542,    0.   ,    0.   ,    0.   ,   27.808,\n",
              "          0.   ,    0.   ,    0.   ,    0.   ,  658.71 ,    0.   ,\n",
              "          0.   ,    0.   ,    0.   ,    0.   ,    0.   ,  441.225,\n",
              "          0.   ,  248.607,   41.724,    0.   ,    0.   ,    0.   ,\n",
              "        568.146,  188.331,    0.   ,    0.   , 1369.5  ])"
            ]
          },
          "execution_count": 42,
          "metadata": {},
          "output_type": "execute_result"
        }
      ],
      "source": [
        "LastPrice = np.array([1/p for p in StockData.tail(1).to_numpy()[0]])\n",
        "Initial_Portfolio = np.multiply(mvo_weights, LastPrice)\n",
        "Initial_Portfolio"
      ]
    },
    {
      "cell_type": "code",
      "execution_count": 43,
      "metadata": {},
      "outputs": [],
      "source": [
        "Portfolio_Assets = TradeData @ Initial_Portfolio\n",
        "MVO_result = pd.DataFrame(Portfolio_Assets, columns=[\"Mean Var\"])\n",
        "# MVO_result"
      ]
    },
    {
      "cell_type": "code",
      "execution_count": 44,
      "metadata": {},
      "outputs": [],
      "source": [
        "TRAIN_START_DATE = '2010-01-01'\n",
        "TRAIN_END_DATE = '2023-10-01'\n",
        "TRADE_START_DATE = '2023-10-01'\n",
        "TRADE_END_DATE = '2025-06-01'"
      ]
    },
    {
      "cell_type": "code",
      "execution_count": 45,
      "metadata": {},
      "outputs": [
        {
          "name": "stderr",
          "output_type": "stream",
          "text": [
            "[*********************100%***********************]  1 of 1 completed"
          ]
        },
        {
          "name": "stdout",
          "output_type": "stream",
          "text": [
            "Shape of DataFrame:  (417, 8)\n"
          ]
        },
        {
          "name": "stderr",
          "output_type": "stream",
          "text": [
            "\n"
          ]
        }
      ],
      "source": [
        "df_dji = YahooDownloader(start_date = TRADE_START_DATE,\n",
        "                     end_date = TRADE_END_DATE,\n",
        "                     ticker_list = ['^DJI']).fetch_data()\n",
        "# df_dji"
      ]
    },
    {
      "cell_type": "code",
      "execution_count": 46,
      "metadata": {},
      "outputs": [
        {
          "data": {
            "text/html": [
              "<div>\n",
              "<style scoped>\n",
              "    .dataframe tbody tr th:only-of-type {\n",
              "        vertical-align: middle;\n",
              "    }\n",
              "\n",
              "    .dataframe tbody tr th {\n",
              "        vertical-align: top;\n",
              "    }\n",
              "\n",
              "    .dataframe thead th {\n",
              "        text-align: right;\n",
              "    }\n",
              "</style>\n",
              "<table border=\"1\" class=\"dataframe\">\n",
              "  <thead>\n",
              "    <tr style=\"text-align: right;\">\n",
              "      <th></th>\n",
              "      <th>close</th>\n",
              "    </tr>\n",
              "    <tr>\n",
              "      <th>date</th>\n",
              "      <th></th>\n",
              "    </tr>\n",
              "  </thead>\n",
              "  <tbody>\n",
              "    <tr>\n",
              "      <th>2023-10-02</th>\n",
              "      <td>1.000000e+06</td>\n",
              "    </tr>\n",
              "    <tr>\n",
              "      <th>2023-10-03</th>\n",
              "      <td>9.871095e+05</td>\n",
              "    </tr>\n",
              "    <tr>\n",
              "      <th>2023-10-04</th>\n",
              "      <td>9.909132e+05</td>\n",
              "    </tr>\n",
              "    <tr>\n",
              "      <th>2023-10-05</th>\n",
              "      <td>9.906147e+05</td>\n",
              "    </tr>\n",
              "    <tr>\n",
              "      <th>2023-10-06</th>\n",
              "      <td>9.992291e+05</td>\n",
              "    </tr>\n",
              "    <tr>\n",
              "      <th>...</th>\n",
              "      <td>...</td>\n",
              "    </tr>\n",
              "    <tr>\n",
              "      <th>2025-05-23</th>\n",
              "      <td>1.244358e+06</td>\n",
              "    </tr>\n",
              "    <tr>\n",
              "      <th>2025-05-27</th>\n",
              "      <td>1.266509e+06</td>\n",
              "    </tr>\n",
              "    <tr>\n",
              "      <th>2025-05-28</th>\n",
              "      <td>1.259183e+06</td>\n",
              "    </tr>\n",
              "    <tr>\n",
              "      <th>2025-05-29</th>\n",
              "      <td>1.262683e+06</td>\n",
              "    </tr>\n",
              "    <tr>\n",
              "      <th>2025-05-30</th>\n",
              "      <td>1.264308e+06</td>\n",
              "    </tr>\n",
              "  </tbody>\n",
              "</table>\n",
              "<p>417 rows × 1 columns</p>\n",
              "</div>"
            ],
            "text/plain": [
              "                   close\n",
              "date                    \n",
              "2023-10-02  1.000000e+06\n",
              "2023-10-03  9.871095e+05\n",
              "2023-10-04  9.909132e+05\n",
              "2023-10-05  9.906147e+05\n",
              "2023-10-06  9.992291e+05\n",
              "...                  ...\n",
              "2025-05-23  1.244358e+06\n",
              "2025-05-27  1.266509e+06\n",
              "2025-05-28  1.259183e+06\n",
              "2025-05-29  1.262683e+06\n",
              "2025-05-30  1.264308e+06\n",
              "\n",
              "[417 rows x 1 columns]"
            ]
          },
          "execution_count": 46,
          "metadata": {},
          "output_type": "execute_result"
        }
      ],
      "source": [
        "df_dji = df_dji[['date','close']]\n",
        "fst_day = df_dji['close'][0]\n",
        "dji = pd.merge(df_dji['date'], df_dji['close'].div(fst_day).mul(1000000),\n",
        "               how='outer', left_index=True, right_index=True).set_index('date')\n",
        "dji"
      ]
    },
    {
      "cell_type": "code",
      "execution_count": 47,
      "metadata": {
        "id": "DQMSRg6BIpX3"
      },
      "outputs": [
        {
          "name": "stdout",
          "output_type": "stream",
          "text": [
            "\n",
            "================  PPO: Baseline vs Meta-gradient tuning vs Multi-objective Optuna  ================\n",
            "\n"
          ]
        },
        {
          "name": "stderr",
          "output_type": "stream",
          "text": [
            "c:\\Users\\jvija\\AppData\\Local\\Programs\\Python\\Python312\\Lib\\site-packages\\stable_baselines3\\common\\on_policy_algorithm.py:150: UserWarning: You are trying to run PPO on the GPU, but it is primarily intended to run on the CPU when not using a CNN policy (you are using ActorCriticPolicy which should be a MlpPolicy). See https://github.com/DLR-RM/stable-baselines3/issues/1245 for more info. You can pass `device='cpu'` or `export CUDA_VISIBLE_DEVICES=` to force using the CPU.Note: The model will train, but the GPU utilization will be poor and the training might take longer than on CPU.\n",
            "  warnings.warn(\n"
          ]
        },
        {
          "name": "stdout",
          "output_type": "stream",
          "text": [
            "hit end!\n"
          ]
        },
        {
          "name": "stderr",
          "output_type": "stream",
          "text": [
            "c:\\Users\\jvija\\AppData\\Local\\Programs\\Python\\Python312\\Lib\\site-packages\\stable_baselines3\\common\\on_policy_algorithm.py:150: UserWarning: You are trying to run PPO on the GPU, but it is primarily intended to run on the CPU when not using a CNN policy (you are using ActorCriticPolicy which should be a MlpPolicy). See https://github.com/DLR-RM/stable-baselines3/issues/1245 for more info. You can pass `device='cpu'` or `export CUDA_VISIBLE_DEVICES=` to force using the CPU.Note: The model will train, but the GPU utilization will be poor and the training might take longer than on CPU.\n",
            "  warnings.warn(\n"
          ]
        },
        {
          "name": "stdout",
          "output_type": "stream",
          "text": [
            "hit end!\n"
          ]
        },
        {
          "name": "stderr",
          "output_type": "stream",
          "text": [
            "c:\\Users\\jvija\\AppData\\Local\\Programs\\Python\\Python312\\Lib\\site-packages\\stable_baselines3\\common\\on_policy_algorithm.py:150: UserWarning: You are trying to run PPO on the GPU, but it is primarily intended to run on the CPU when not using a CNN policy (you are using ActorCriticPolicy which should be a MlpPolicy). See https://github.com/DLR-RM/stable-baselines3/issues/1245 for more info. You can pass `device='cpu'` or `export CUDA_VISIBLE_DEVICES=` to force using the CPU.Note: The model will train, but the GPU utilization will be poor and the training might take longer than on CPU.\n",
            "  warnings.warn(\n"
          ]
        },
        {
          "name": "stdout",
          "output_type": "stream",
          "text": [
            "hit end!\n"
          ]
        },
        {
          "name": "stderr",
          "output_type": "stream",
          "text": [
            "c:\\Users\\jvija\\AppData\\Local\\Programs\\Python\\Python312\\Lib\\site-packages\\stable_baselines3\\common\\on_policy_algorithm.py:150: UserWarning: You are trying to run PPO on the GPU, but it is primarily intended to run on the CPU when not using a CNN policy (you are using ActorCriticPolicy which should be a MlpPolicy). See https://github.com/DLR-RM/stable-baselines3/issues/1245 for more info. You can pass `device='cpu'` or `export CUDA_VISIBLE_DEVICES=` to force using the CPU.Note: The model will train, but the GPU utilization will be poor and the training might take longer than on CPU.\n",
            "  warnings.warn(\n"
          ]
        },
        {
          "name": "stdout",
          "output_type": "stream",
          "text": [
            "hit end!\n"
          ]
        },
        {
          "name": "stderr",
          "output_type": "stream",
          "text": [
            "c:\\Users\\jvija\\AppData\\Local\\Programs\\Python\\Python312\\Lib\\site-packages\\stable_baselines3\\common\\on_policy_algorithm.py:150: UserWarning: You are trying to run PPO on the GPU, but it is primarily intended to run on the CPU when not using a CNN policy (you are using ActorCriticPolicy which should be a MlpPolicy). See https://github.com/DLR-RM/stable-baselines3/issues/1245 for more info. You can pass `device='cpu'` or `export CUDA_VISIBLE_DEVICES=` to force using the CPU.Note: The model will train, but the GPU utilization will be poor and the training might take longer than on CPU.\n",
            "  warnings.warn(\n"
          ]
        },
        {
          "name": "stdout",
          "output_type": "stream",
          "text": [
            "hit end!\n"
          ]
        },
        {
          "name": "stderr",
          "output_type": "stream",
          "text": [
            "c:\\Users\\jvija\\AppData\\Local\\Programs\\Python\\Python312\\Lib\\site-packages\\stable_baselines3\\common\\on_policy_algorithm.py:150: UserWarning: You are trying to run PPO on the GPU, but it is primarily intended to run on the CPU when not using a CNN policy (you are using ActorCriticPolicy which should be a MlpPolicy). See https://github.com/DLR-RM/stable-baselines3/issues/1245 for more info. You can pass `device='cpu'` or `export CUDA_VISIBLE_DEVICES=` to force using the CPU.Note: The model will train, but the GPU utilization will be poor and the training might take longer than on CPU.\n",
            "  warnings.warn(\n"
          ]
        },
        {
          "name": "stdout",
          "output_type": "stream",
          "text": [
            "hit end!\n"
          ]
        },
        {
          "name": "stderr",
          "output_type": "stream",
          "text": [
            "c:\\Users\\jvija\\AppData\\Local\\Programs\\Python\\Python312\\Lib\\site-packages\\stable_baselines3\\common\\on_policy_algorithm.py:150: UserWarning: You are trying to run PPO on the GPU, but it is primarily intended to run on the CPU when not using a CNN policy (you are using ActorCriticPolicy which should be a MlpPolicy). See https://github.com/DLR-RM/stable-baselines3/issues/1245 for more info. You can pass `device='cpu'` or `export CUDA_VISIBLE_DEVICES=` to force using the CPU.Note: The model will train, but the GPU utilization will be poor and the training might take longer than on CPU.\n",
            "  warnings.warn(\n"
          ]
        },
        {
          "name": "stdout",
          "output_type": "stream",
          "text": [
            "hit end!\n"
          ]
        },
        {
          "name": "stderr",
          "output_type": "stream",
          "text": [
            "c:\\Users\\jvija\\AppData\\Local\\Programs\\Python\\Python312\\Lib\\site-packages\\stable_baselines3\\common\\on_policy_algorithm.py:150: UserWarning: You are trying to run PPO on the GPU, but it is primarily intended to run on the CPU when not using a CNN policy (you are using ActorCriticPolicy which should be a MlpPolicy). See https://github.com/DLR-RM/stable-baselines3/issues/1245 for more info. You can pass `device='cpu'` or `export CUDA_VISIBLE_DEVICES=` to force using the CPU.Note: The model will train, but the GPU utilization will be poor and the training might take longer than on CPU.\n",
            "  warnings.warn(\n"
          ]
        },
        {
          "name": "stdout",
          "output_type": "stream",
          "text": [
            "hit end!\n"
          ]
        },
        {
          "name": "stderr",
          "output_type": "stream",
          "text": [
            "c:\\Users\\jvija\\AppData\\Local\\Programs\\Python\\Python312\\Lib\\site-packages\\stable_baselines3\\common\\on_policy_algorithm.py:150: UserWarning: You are trying to run PPO on the GPU, but it is primarily intended to run on the CPU when not using a CNN policy (you are using ActorCriticPolicy which should be a MlpPolicy). See https://github.com/DLR-RM/stable-baselines3/issues/1245 for more info. You can pass `device='cpu'` or `export CUDA_VISIBLE_DEVICES=` to force using the CPU.Note: The model will train, but the GPU utilization will be poor and the training might take longer than on CPU.\n",
            "  warnings.warn(\n"
          ]
        },
        {
          "name": "stdout",
          "output_type": "stream",
          "text": [
            "hit end!\n"
          ]
        },
        {
          "data": {
